164	0	67
67	0	164
164	1	121
121	1	164
164	1	129
129	1	164
164	0	49
49	0	164
164	0	380
380	0	164
164	0	402
402	0	164
164	0	459
459	0	164
164	0	408
408	0	164
164	1	219
219	1	164
164	0	304
304	0	164
164	0	287
287	0	164
164	0	40
40	0	164
164	0	166
166	0	164
162	0	68
68	0	162
162	4	161
161	4	162
162	0	163
163	0	162
162	1	250
250	1	162
162	3	129
129	3	162
162	1	49
49	1	162
162	0	46
46	0	162
162	0	402
402	0	162
162	4	16
16	4	162
162	4	304
304	4	162
162	0	287
287	0	162
162	0	40
40	0	162
162	0	166
166	0	162
163	0	161
161	0	163
163	0	129
129	0	163
163	3	304
304	3	163
388	0	361
361	0	388
388	1	67
67	1	388
388	0	161
161	0	388
388	2	390
390	2	388
388	1	391
391	1	388
388	0	300
300	0	388
388	1	322
322	1	388
388	0	122
122	0	388
388	0	121
121	0	388
388	0	123
123	0	388
388	3	129
129	3	388
388	0	49
49	0	388
388	0	47
47	0	388
388	0	46
46	0	388
388	1	250
250	1	388
388	0	181
181	0	388
388	0	182
182	0	388
388	1	378
378	1	388
388	1	381
381	1	388
388	1	402
402	1	388
388	0	294
294	0	388
388	1	298
298	1	388
388	0	28
28	0	388
388	1	459
459	1	388
388	1	408
408	1	388
388	0	98
98	0	388
388	2	304
304	2	388
388	4	392
392	4	388
388	1	285
285	1	388
388	1	287
287	1	388
388	0	421
421	0	388
388	1	292
292	1	388
388	1	40
40	1	388
388	0	387
387	0	388
388	0	166
166	0	388
389	0	129
129	0	389
389	0	421
421	0	389
389	1	489
489	1	389
390	0	67
67	0	390
390	3	391
391	3	390
390	0	121
121	0	390
390	0	250
250	0	390
390	1	129
129	1	390
390	2	489
489	2	390
390	0	381
381	0	390
390	0	402
402	0	390
390	0	294
294	0	390
390	0	161
161	0	390
390	0	459
459	0	390
390	0	408
408	0	390
390	0	304
304	0	390
390	1	392
392	1	390
390	0	287
287	0	390
390	3	421
421	3	390
390	0	40
40	0	390
390	0	166
166	0	390
391	0	67
67	0	391
391	0	298
298	0	391
391	0	392
392	0	391
391	1	121
121	1	391
391	2	129
129	2	391
391	0	47
47	0	391
391	0	378
378	0	391
391	4	489
489	4	391
391	1	381
381	1	391
391	1	402
402	1	391
391	1	250
250	1	391
391	0	294
294	0	391
391	0	459
459	0	391
391	1	408
408	1	391
391	1	304
304	1	391
391	0	287
287	0	391
391	3	421
421	3	391
391	0	292
292	0	391
391	0	40
40	0	391
391	0	166
166	0	391
392	0	361
361	0	392
392	0	69
69	0	392
392	0	121
121	0	392
392	1	129
129	1	392
392	0	381
381	0	392
392	0	294
294	0	392
392	0	161
161	0	392
392	0	459
459	0	392
392	1	408
408	1	392
392	1	98
98	1	392
392	0	304
304	0	392
392	0	267
267	0	392
393	1	369
369	1	393
393	0	213
213	0	393
393	0	365
365	0	393
393	0	249
249	0	393
393	0	311
311	0	393
393	1	366
366	1	393
393	2	438
438	2	393
342	0	470
470	0	342
341	0	470
470	0	341
340	0	479
479	0	340
340	1	85
85	1	340
340	1	86
86	1	340
340	4	333
333	4	340
340	1	11
11	1	340
340	0	77
77	0	340
340	0	470
470	0	340
339	0	481
481	0	339
339	0	77
77	0	339
339	1	228
228	1	339
339	1	472
472	1	339
339	2	470
470	2	339
140	4	333
333	4	140
140	0	8
8	0	140
140	0	11
11	0	140
140	0	121
121	0	140
140	1	124
124	1	140
140	1	129
129	1	140
140	0	381
381	0	140
140	0	402
402	0	140
140	1	245
245	1	140
140	0	28
28	0	140
140	0	408
408	0	140
140	1	315
315	1	140
140	4	313
313	4	140
140	1	304
304	1	140
140	4	290
290	4	140
140	1	40
40	1	140
140	0	166
166	0	140
141	1	479
479	1	141
141	4	333
333	4	141
141	3	11
11	3	141
141	0	313
313	0	141
141	1	290
290	1	141
141	1	124
124	1	141
138	0	213
213	0	138
138	1	273
273	1	138
138	0	322
322	0	138
139	0	479
479	0	139
139	2	333
333	2	139
139	0	11
11	0	139
139	0	313
313	0	139
139	1	290
290	1	139
139	0	124
124	0	139
137	2	479
479	2	137
137	2	333
333	2	137
137	1	11
11	1	137
137	0	313
313	0	137
137	0	490
490	0	137
137	0	290
290	0	137
137	0	124
124	0	137
279	4	161
161	4	279
279	0	147
147	0	279
279	0	129
129	0	279
279	0	373
373	0	279
279	0	127
127	0	279
279	0	435
435	0	279
479	0	352
352	0	479
479	4	85
85	4	479
479	1	86
86	1	479
479	2	7
7	2	479
479	3	8
8	3	479
479	0	258
258	0	479
479	0	259
259	0	479
479	0	313
313	0	479
479	0	358
358	0	479
479	0	88
88	0	479
479	0	420
420	0	479
280	0	287
287	0	280
280	0	338
338	0	280
280	0	459
459	0	280
280	0	322
322	0	280
280	0	23
23	0	280
280	0	323
323	0	280
478	0	9
9	0	478
478	0	60
60	0	478
478	0	315
315	0	478
478	0	61
61	0	478
281	0	287
287	0	281
281	2	129
129	2	281
281	0	47
47	0	281
281	0	408
408	0	281
281	1	304
304	1	281
487	0	248
248	0	487
488	0	187
187	0	488
488	1	243
243	1	488
488	0	239
239	0	488
102	2	397
397	2	102
102	0	313
313	0	102
102	0	437
437	0	102
102	1	372
372	1	102
102	0	23
23	0	102
274	0	275
275	0	274
274	0	273
273	0	274
128	1	304
304	1	128
128	1	402
402	1	128
128	0	250
250	0	128
129	1	59
59	1	129
129	2	58
58	2	129
129	1	57
57	1	129
129	1	434
434	1	129
129	3	14
14	3	129
129	0	435
435	0	129
129	0	16
16	0	129
129	0	15
15	0	129
129	0	205
205	0	129
129	4	161
161	4	129
129	0	159
159	0	129
129	2	157
157	2	129
129	0	156
156	0	129
129	3	267
267	3	129
129	0	410
410	0	129
129	1	411
411	1	129
129	1	407
407	1	129
129	4	408
408	4	129
129	2	409
409	2	129
129	0	353
353	0	129
129	0	264
264	0	129
129	2	115
115	2	129
129	0	81
81	0	129
129	4	76
76	4	129
129	0	290
290	0	129
129	0	291
291	0	129
129	0	289
289	0	129
129	3	82
82	3	129
129	0	452
452	0	129
129	4	453
453	4	129
129	1	451
451	1	129
129	0	448
448	0	129
129	1	323
323	1	129
129	4	69
69	4	129
129	4	67
67	4	129
129	3	72
72	3	129
129	4	71
71	4	129
129	0	238
238	0	129
129	1	74
74	1	129
129	0	8
8	0	129
129	0	12
12	0	129
129	0	446
446	0	129
129	1	443
443	1	129
129	0	179
179	0	129
129	0	336
336	0	129
129	4	49
49	4	129
129	4	47
47	4	129
129	0	48
48	0	129
129	4	46
46	4	129
129	2	276
276	2	129
129	0	275
275	0	129
129	1	273
273	1	129
129	2	292
292	2	129
129	0	245
245	0	129
129	1	294
294	1	129
129	1	298
298	1	129
129	0	296
296	0	129
129	0	300
300	0	129
129	2	94
94	2	129
129	4	459
459	4	129
129	0	460
460	0	129
129	0	98
98	0	129
129	1	100
100	1	129
129	4	313
313	4	129
129	1	3
3	1	129
129	0	417
417	0	129
129	1	315
315	1	129
129	0	151
151	0	129
129	1	153
153	1	129
129	2	154
154	2	129
129	0	155
155	0	129
129	0	372
372	0	129
129	0	103
103	0	129
129	1	42
42	1	129
129	4	40
40	4	129
129	0	495
495	0	129
129	1	317
317	1	129
129	1	328
328	1	129
129	2	333
333	2	129
129	1	440
440	1	129
129	0	199
199	0	129
129	3	4
4	3	129
129	0	73
73	0	129
129	1	147
147	1	129
129	0	397
397	0	129
129	1	0
0	1	129
129	0	172
172	0	129
129	0	169
169	0	129
129	0	167
167	0	129
129	0	168
168	0	129
129	1	378
378	1	129
129	1	380
380	1	129
129	4	381
381	4	129
129	4	28
28	4	129
129	0	29
29	0	129
129	1	120
120	1	129
129	2	31
31	2	129
129	1	35
35	1	129
129	1	36
36	1	129
129	2	118
118	2	129
129	2	283
283	2	129
129	0	348
348	0	129
129	1	302
302	1	129
129	4	304
304	4	129
129	1	305
305	1	129
129	0	429
429	0	129
129	1	387
387	1	129
129	1	165
165	1	129
129	4	166
166	4	129
129	3	322
322	3	129
129	4	122
122	4	129
129	4	121
121	4	129
129	4	123
123	4	129
129	1	27
27	1	129
129	0	24
24	0	129
129	0	26
26	0	129
129	0	22
22	0	129
129	4	254
254	4	129
129	4	253
253	4	129
129	4	250
250	4	129
129	3	256
256	3	129
129	2	255
255	2	129
129	1	145
145	1	129
129	0	403
403	0	129
129	4	402
402	4	129
129	1	401
401	1	129
129	0	243
243	0	129
129	0	187
187	0	129
129	4	285
285	4	129
129	2	284
284	2	129
129	4	287
287	4	129
129	1	286
286	1	129
129	0	85
85	0	129
129	0	84
84	0	129
129	2	288
288	2	129
129	1	223
223	1	129
129	0	224
224	0	129
129	1	225
225	1	129
130	4	493
493	4	130
130	0	326
326	0	130
131	0	493
493	0	131
132	0	326
326	0	132
133	3	326
326	3	133
134	0	191
191	0	134
249	1	213
213	1	249
249	1	369
369	1	249
249	1	363
363	1	249
249	0	364
364	0	249
249	1	365
365	1	249
249	0	311
311	0	249
249	0	360
360	0	249
249	0	438
438	0	249
471	1	206
206	1	471
208	0	285
285	0	208
208	1	287
287	1	208
208	0	304
304	0	208
207	0	106
106	0	207
207	0	213
213	0	207
207	0	97
97	0	207
207	0	293
293	0	207
210	1	376
376	1	210
210	0	399
399	0	210
209	1	64
64	1	209
59	4	71
71	4	59
59	1	313
313	1	59
59	0	304
304	0	59
59	0	40
40	0	59
59	1	4
4	1	59
55	0	85
85	0	55
55	0	206
206	0	55
58	0	67
67	0	58
58	0	459
459	0	58
58	0	432
432	0	58
58	0	250
250	0	58
56	1	490
490	1	56
56	0	124
124	0	56
57	1	284
284	1	57
57	2	304
304	2	57
57	1	145
145	1	57
57	1	402
402	1	57
57	0	250
250	0	57
431	0	459
459	0	431
431	1	218
218	1	431
431	0	287
287	0	431
431	0	267
267	0	431
431	0	292
292	0	431
431	0	40
40	0	431
431	1	451
451	1	431
17	1	470
470	1	17
434	0	322
322	0	434
434	0	121
121	0	434
434	0	250
250	0	434
434	0	49
49	0	434
434	0	402
402	0	434
434	0	408
408	0	434
434	0	304
304	0	434
434	0	286
286	0	434
434	1	291
291	1	434
434	1	292
292	1	434
434	0	82
82	0	434
434	1	40
40	1	434
434	0	166
166	0	434
432	0	95
95	0	432
432	0	3
3	0	432
433	0	427
427	0	433
433	0	3
3	0	433
14	0	443
443	0	14
14	0	121
121	0	14
14	0	23
23	0	14
14	0	47
47	0	14
14	0	402
402	0	14
14	0	459
459	0	14
14	0	408
408	0	14
14	1	304
304	1	14
14	0	287
287	0	14
14	0	115
115	0	14
14	0	166
166	0	14
435	0	336
336	0	435
435	0	298
298	0	435
435	0	429
429	0	435
435	1	304
304	1	435
435	4	161
161	4	435
16	0	23
23	0	16
16	0	379
379	0	16
16	0	381
381	0	16
16	0	383
383	0	16
16	1	161
161	1	16
16	0	287
287	0	16
16	0	40
40	0	16
15	0	120
120	0	15
15	0	459
459	0	15
15	0	40
40	0	15
306	0	294
294	0	306
306	4	372
372	4	306
306	0	429
429	0	306
306	1	43
43	1	306
306	4	42
42	4	306
306	2	38
38	2	306
306	0	451
451	0	306
308	4	68
68	4	308
308	2	66
66	2	308
308	4	70
70	4	308
308	0	94
94	0	308
308	0	234
234	0	308
308	1	192
192	1	308
308	1	190
190	1	308
308	4	312
312	4	308
308	4	196
196	4	308
308	4	103
103	4	308
308	0	307
307	0	308
308	4	292
292	4	308
308	1	62
62	1	308
308	1	64
64	1	308
308	1	65
65	1	308
308	2	201
201	2	308
307	1	233
233	1	307
307	3	68
68	3	307
307	0	66
66	0	307
307	4	70
70	4	307
307	0	234
234	0	307
307	0	195
195	0	307
307	1	194
194	1	307
307	4	192
192	4	307
307	1	190
190	1	307
307	4	312
312	4	307
307	4	196
196	4	307
307	0	103
103	0	307
307	3	62
62	3	307
307	2	63
63	2	307
307	1	64
64	1	307
307	0	380
380	0	307
307	0	20
20	0	307
307	2	201
201	2	307
307	4	222
222	4	307
307	0	246
246	0	307
307	0	200
200	0	307
309	0	373
373	0	309
49	2	67
67	2	49
49	0	298
298	0	49
49	0	443
443	0	49
49	0	322
322	0	49
49	1	121
121	1	49
49	0	123
123	0	49
49	1	250
250	1	49
49	2	47
47	2	49
49	0	48
48	0	49
49	0	397
397	0	49
49	0	168
168	0	49
49	3	381
381	3	49
49	1	402
402	1	49
49	0	213
213	0	49
49	4	161
161	4	49
49	0	159
159	0	49
49	0	160
160	0	49
49	1	157
157	1	49
49	1	28
28	1	49
49	1	31
31	1	49
49	0	35
35	0	49
49	1	94
94	1	49
49	4	459
459	4	49
49	2	408
408	2	49
49	0	460
460	0	49
49	0	349
349	0	49
49	0	348
348	0	49
49	4	304
304	4	49
49	0	305
305	0	49
49	1	285
285	1	49
49	0	284
284	0	49
49	2	287
287	2	49
49	2	286
286	2	49
49	1	267
267	1	49
49	0	288
288	0	49
49	0	115
115	0	49
49	1	291
291	1	49
49	0	292
292	0	49
49	0	82
82	0	49
49	4	40
40	4	49
49	0	453
453	0	49
49	3	166
166	3	49
206	1	228
228	1	206
206	0	472
472	0	206
204	1	10
10	1	204
204	2	490
490	2	204
204	4	228
228	4	204
204	0	473
473	0	204
204	0	457
457	0	204
204	1	485
485	1	204
204	2	470
470	2	204
204	0	469
469	0	204
205	1	161
161	1	205
161	3	67
67	3	161
161	0	322
322	0	161
161	0	122
122	0	161
161	0	121
121	0	161
161	0	125
125	0	161
161	0	123
123	0	161
161	0	127
127	0	161
161	1	254
254	1	161
161	1	253
253	1	161
161	4	250
250	4	161
161	0	256
256	0	161
161	0	255
255	0	161
161	4	147
147	4	161
161	3	47
47	3	161
161	1	48
48	1	161
161	0	46
46	0	161
161	0	172
172	0	161
161	1	168
168	1	161
161	0	276
276	0	161
161	0	380
380	0	161
161	4	381
381	4	161
161	0	382
382	0	161
161	1	248
248	1	161
161	0	294
294	0	161
161	0	298
298	0	161
161	0	159
159	0	161
161	1	160
160	1	161
161	0	157
157	0	161
161	0	28
28	0	161
161	0	33
33	0	161
161	1	94
94	1	161
161	2	459
459	2	161
161	4	408
408	4	161
161	0	97
97	0	161
161	0	378
378	0	161
161	4	219
219	4	161
161	4	304
304	4	161
161	0	305
305	0	161
161	0	218
218	0	161
161	4	402
402	4	161
161	0	3
3	0	161
161	2	285
285	2	161
161	0	284
284	0	161
161	1	287
287	1	161
161	1	286
286	1	161
161	2	267
267	2	161
161	0	115
115	0	161
161	0	155
155	0	161
161	3	373
373	3	161
161	0	103
103	0	161
161	1	292
292	1	161
161	4	40
40	4	161
161	4	245
245	4	161
161	0	453
453	0	161
161	0	323
323	0	161
161	2	166
166	2	161
159	0	459
459	0	159
159	0	304
304	0	159
159	0	40
40	0	159
160	0	121
121	0	160
160	0	253
253	0	160
160	0	402
402	0	160
160	1	459
459	1	160
160	0	408
408	0	160
160	0	304
304	0	160
160	1	284
284	1	160
160	1	267
267	1	160
160	1	40
40	1	160
160	0	166
166	0	160
157	2	67
67	2	157
157	0	121
121	0	157
157	0	250
250	0	157
157	1	28
28	1	157
157	0	31
31	0	157
157	0	459
459	0	157
157	1	408
408	1	157
157	1	304
304	1	157
157	1	287
287	1	157
157	0	267
267	0	157
157	0	40
40	0	157
157	0	225
225	0	157
157	0	166
166	0	157
156	2	70
70	2	156
156	0	304
304	0	156
156	0	40
40	0	156
156	1	453
453	1	156
158	0	282
282	0	158
410	0	29
29	0	410
410	1	187
187	1	410
410	0	332
332	0	410
410	1	99
99	1	410
410	0	304
304	0	410
410	0	27
27	0	410
410	0	416
416	0	410
410	0	440
440	0	410
411	1	68
68	1	411
411	1	70
70	1	411
411	0	27
27	0	411
411	0	250
250	0	411
411	0	29
29	0	411
411	0	304
304	0	411
411	0	285
285	0	411
411	1	287
287	1	411
411	0	374
374	0	411
412	0	29
29	0	412
412	0	27
27	0	412
407	1	408
408	1	407
407	0	304
304	0	407
407	0	380
380	0	407
407	2	402
402	2	407
408	0	317
317	0	408
408	3	69
69	3	408
408	4	67
67	4	408
408	0	72
72	0	408
408	4	71
71	4	408
408	0	74
74	0	408
408	0	298
298	0	408
408	1	329
329	1	408
408	1	328
328	1	408
408	0	333
333	0	408
408	0	443
443	0	408
408	1	322
322	1	408
408	2	122
122	2	408
408	4	121
121	4	408
408	1	123
123	1	408
408	1	24
24	1	408
408	0	23
23	0	408
408	0	440
440	0	408
408	4	253
253	4	408
408	4	250
250	4	408
408	0	256
256	0	408
408	1	255
255	1	408
408	2	150
150	2	408
408	0	148
148	0	408
408	2	47
47	2	408
408	2	46
46	2	408
408	2	254
254	2	408
408	0	0
0	0	408
408	0	172
172	0	408
408	0	167
167	0	408
408	0	168
168	0	408
408	1	145
145	1	408
408	0	380
380	0	408
408	1	381
381	1	408
408	4	402
402	4	408
408	0	401
401	0	408
408	0	383
383	0	408
408	1	294
294	1	408
408	0	300
300	0	408
408	0	302
302	0	408
408	1	28
28	1	408
408	0	29
29	0	408
408	0	120
120	0	408
408	0	31
31	0	408
408	0	35
35	0	408
408	0	95
95	0	408
408	1	94
94	1	408
408	0	118
118	0	408
408	4	459
459	4	408
408	1	409
409	1	408
408	0	460
460	0	408
408	1	313
313	1	408
408	0	348
348	0	408
408	0	100
100	0	408
408	0	378
378	0	408
408	4	304
304	4	408
408	0	3
3	0	408
408	4	285
285	4	408
408	1	284
284	1	408
408	4	287
287	4	408
408	0	286
286	0	408
408	2	267
267	2	408
408	0	84
84	0	408
408	1	115
115	1	408
408	0	18
18	0	408
408	4	151
151	4	408
408	0	154
154	0	408
408	1	427
427	1	408
408	0	76
76	0	408
408	0	291
291	0	408
408	0	292
292	0	408
408	3	40
40	3	408
408	1	453
453	1	408
408	0	223
223	0	408
408	0	387
387	0	408
408	3	165
165	3	408
408	0	225
225	0	408
408	0	323
323	0	408
408	4	166
166	4	408
409	1	304
304	1	409
409	0	121
121	0	409
409	1	402
402	1	409
409	1	253
253	1	409
413	0	371
371	0	413
414	0	298
298	0	414
414	1	99
99	1	414
414	0	304
304	0	414
356	0	333
333	0	356
54	0	53
53	0	54
54	0	23
23	0	54
51	0	23
23	0	51
50	0	23
23	0	50
52	0	144
144	0	52
351	0	304
304	0	351
352	3	333
333	3	352
352	0	290
290	0	352
267	0	369
369	0	267
267	0	363
363	0	267
267	0	366
366	0	267
267	1	365
365	1	267
267	0	69
69	0	267
267	2	67
67	2	267
267	0	237
237	0	267
267	0	254
254	0	267
267	0	250
250	0	267
267	3	438
438	3	267
267	0	147
147	0	267
267	0	398
398	0	267
267	0	399
399	0	267
267	0	0
0	0	267
267	0	167
167	0	267
267	0	168
168	0	267
267	1	145
145	1	267
267	1	381
381	1	267
267	1	402
402	1	267
267	2	213
213	2	267
267	0	298
298	0	267
267	1	284
284	1	267
267	2	28
28	2	267
267	3	459
459	3	267
267	0	460
460	0	267
267	0	100
100	0	267
267	0	311
311	0	267
267	0	302
302	0	267
267	1	360
360	1	267
267	4	304
304	4	267
267	0	217
217	0	267
267	0	216
216	0	267
267	0	3
3	0	267
267	0	287
287	0	267
267	0	115
115	0	267
267	0	372
372	0	267
267	0	82
82	0	267
267	0	42
42	0	267
267	4	40
40	4	267
267	0	225
225	0	267
267	1	166
166	1	267
354	0	85
85	0	354
354	0	333
333	0	354
354	0	11
11	0	354
354	0	77
77	0	354
354	1	470
470	1	354
355	0	333
333	0	355
355	0	11
11	0	355
265	1	29
29	1	265
265	0	3
3	0	265
266	0	3
3	0	266
266	0	23
23	0	266
264	0	67
67	0	264
264	0	121
121	0	264
264	0	440
440	0	264
264	0	187
187	0	264
264	0	31
31	0	264
264	1	99
99	1	264
264	0	304
304	0	264
264	0	285
285	0	264
264	0	287
287	0	264
264	0	82
82	0	264
115	0	67
67	0	115
115	0	121
121	0	115
115	1	179
179	1	115
115	1	47
47	1	115
115	0	180
180	0	115
115	1	145
145	1	115
115	1	402
402	1	115
115	0	314
314	0	115
115	3	304
304	3	115
115	0	218
218	0	115
115	0	284
284	0	115
115	1	40
40	1	115
114	0	113
113	0	114
114	0	112
112	0	114
114	0	110
110	0	114
114	0	108
108	0	114
476	2	329
329	2	476
477	0	422
422	0	477
81	0	67
67	0	81
81	1	75
75	1	81
81	0	304
304	0	81
81	2	76
76	2	81
81	0	218
218	0	81
81	0	3
3	0	81
81	2	31
31	2	81
81	0	245
245	0	81
79	1	304
304	1	79
293	1	97
97	1	293
293	1	23
23	1	293
78	0	459
459	0	78
76	1	286
286	1	76
76	1	283
283	1	76
76	0	317
317	0	76
76	0	67
67	0	76
76	0	71
71	0	76
76	0	96
96	0	76
76	0	75
75	0	76
76	0	9
9	0	76
76	0	459
459	0	76
76	2	304
304	2	76
76	4	313
313	4	76
76	0	167
167	0	76
76	0	40
40	0	76
76	0	46
46	0	76
76	4	4
4	4	76
76	0	250
250	0	76
77	4	85
85	4	77
77	1	86
86	1	77
77	1	10
10	1	77
77	0	8
8	0	77
77	0	456
456	0	77
77	0	260
260	0	77
77	0	91
91	0	77
290	0	10
10	0	290
290	3	7
7	3	290
290	4	8
8	4	290
290	0	258
258	0	290
290	1	260
260	1	290
290	1	142
142	1	290
290	2	313
313	2	290
290	0	90
90	0	290
290	1	91
91	1	290
290	1	420
420	1	290
290	1	85
85	1	290
290	1	358
358	1	290
290	0	86
86	0	290
291	0	368
368	0	291
291	0	71
71	0	291
291	0	121
121	0	291
291	0	23
23	0	291
291	0	186
186	0	291
291	0	402
402	0	291
291	0	36
36	0	291
291	0	459
459	0	291
291	0	97
97	0	291
291	0	304
304	0	291
291	0	218
218	0	291
291	0	197
197	0	291
291	0	287
287	0	291
291	0	292
292	0	291
291	0	82
82	0	291
291	4	40
40	4	291
291	0	39
39	0	291
291	4	453
453	4	291
289	0	67
67	0	289
289	0	322
322	0	289
289	1	23
23	1	289
289	0	213
213	0	289
289	0	459
459	0	289
289	0	89
89	0	289
289	1	3
3	1	289
289	1	40
40	1	289
292	0	107
107	0	292
292	0	368
368	0	292
292	2	68
68	2	292
292	1	66
66	1	292
292	1	70
70	1	292
292	4	298
298	4	292
292	0	192
192	0	292
292	0	190
190	0	292
292	4	196
196	4	292
292	1	322
322	1	292
292	0	121
121	0	292
292	0	250
250	0	292
292	1	175
175	1	292
292	0	177
177	0	292
292	1	336
336	1	292
292	0	147
147	0	292
292	0	46
46	0	292
292	1	201
201	1	292
292	0	168
168	0	292
292	0	182
182	0	292
292	0	380
380	0	292
292	1	381
381	1	292
292	1	402
402	1	292
292	1	294
294	1	292
292	1	297
297	1	292
292	1	296
296	1	292
292	0	300
300	0	292
292	0	35
35	0	292
292	1	94
94	1	292
292	0	459
459	0	292
292	2	312
312	2	292
292	0	302
302	0	292
292	2	304
304	2	292
292	0	443
443	0	292
292	1	285
285	1	292
292	0	287
287	0	292
292	1	286
286	1	292
292	1	372
372	1	292
292	0	103
103	0	292
292	1	42
42	1	292
292	2	40
40	2	292
292	1	452
452	1	292
292	0	225
225	0	292
292	0	166
166	0	292
82	0	69
69	0	82
82	1	67
67	1	82
82	0	71
71	0	82
82	0	121
121	0	82
82	1	250
250	1	82
82	0	47
47	0	82
82	0	402
402	0	82
82	2	28
28	2	82
82	1	31
31	1	82
82	2	459
459	2	82
82	2	304
304	2	82
82	2	40
40	2	82
82	0	453
453	0	82
82	1	166
166	1	82
454	0	300
300	0	454
454	2	372
372	2	454
454	2	42
42	2	454
455	1	372
372	1	455
455	0	300
300	0	455
455	0	42
42	0	455
452	0	287
287	0	452
452	0	297
297	0	452
452	1	336
336	1	452
452	2	298
298	2	452
452	4	372
372	4	452
452	1	103
103	1	452
452	0	304
304	0	452
452	1	182
182	1	452
452	1	38
38	1	452
452	3	42
42	3	452
452	0	23
23	0	452
453	1	67
67	1	453
453	0	71
71	0	453
453	0	197
197	0	453
453	2	122
122	2	453
453	4	121
121	4	453
453	0	23
23	0	453
453	1	250
250	1	453
453	4	186
186	4	453
453	0	47
47	0	453
453	1	203
203	1	453
453	0	402
402	0	453
453	0	28
28	0	453
453	0	120
120	0	453
453	0	35
35	0	453
453	1	36
36	1	453
453	1	459
459	1	453
453	1	97
97	1	453
453	1	304
304	1	453
453	0	285
285	0	453
453	1	287
287	1	453
453	1	41
41	1	453
453	4	40
40	4	453
453	1	39
39	1	453
453	0	37
37	0	453
453	0	223
223	0	453
453	0	225
225	0	453
453	1	166
166	1	453
451	2	282
282	2	451
451	4	372
372	4	451
451	0	429
429	0	451
451	2	43
43	2	451
451	4	42
42	4	451
451	1	183
183	1	451
451	4	38
38	4	451
451	0	166
166	0	451
450	0	282
282	0	450
450	4	372
372	4	450
450	1	43
43	1	450
450	3	42
42	3	450
450	0	183
183	0	450
450	1	38
38	1	450
449	0	304
304	0	449
327	0	372
372	0	327
326	4	126
126	4	326
325	1	287
287	1	325
325	0	348
348	0	325
323	1	459
459	1	323
323	0	322
322	0	323
323	0	304
304	0	323
323	0	123
123	0	323
323	0	250
250	0	323
324	0	287
287	0	324
394	1	99
99	1	394
69	0	67
67	0	69
69	0	74
74	0	69
69	1	121
121	1	69
69	1	47
47	1	69
69	4	46
46	4	69
69	2	250
250	2	69
69	1	402
402	1	69
69	0	294
294	0	69
69	0	28
28	0	69
69	0	31
31	0	69
69	1	459
459	1	69
69	4	313
313	4	69
69	4	304
304	4	69
69	3	4
4	3	69
69	0	287
287	0	69
69	0	286
286	0	69
69	1	283
283	1	69
69	2	40
40	2	69
69	0	225
225	0	69
69	1	166
166	1	69
68	3	66
66	3	68
68	4	70
70	4	68
68	2	234
234	2	68
68	0	235
235	0	68
68	0	386
386	0	68
68	1	19
19	1	68
68	1	195
195	1	68
68	2	194
194	2	68
68	0	193
193	0	68
68	4	192
192	4	68
68	4	190
190	4	68
68	4	312
312	4	68
68	4	196
196	4	68
68	2	103
103	2	68
68	1	40
40	1	68
68	2	62
62	2	68
68	1	233
233	1	68
68	4	64
64	4	68
68	2	65
65	2	68
68	0	380
380	0	68
68	4	201
201	4	68
68	3	200
200	3	68
68	1	246
246	1	68
68	0	222
222	0	68
67	1	317
317	1	67
67	0	71
71	0	67
67	0	328
328	0	67
67	0	333
333	0	67
67	1	322
322	1	67
67	1	122
122	1	67
67	3	121
121	3	67
67	0	123
123	0	67
67	1	254
254	1	67
67	1	253
253	1	67
67	4	250
250	4	67
67	0	256
256	0	67
67	1	255
255	1	67
67	2	47
47	2	67
67	1	46
46	1	67
67	1	0
0	1	67
67	1	145
145	1	67
67	0	380
380	0	67
67	1	381
381	1	67
67	1	294
294	1	67
67	0	284
284	0	67
67	0	300
300	0	67
67	3	28
28	3	67
67	2	31
31	2	67
67	0	94
94	0	67
67	0	118
118	0	67
67	4	459
459	4	67
67	0	460
460	0	67
67	0	241
241	0	67
67	4	304
304	4	67
67	4	402
402	4	67
67	4	3
3	4	67
67	2	4
4	2	67
67	1	285
285	1	67
67	4	287
287	4	67
67	1	286
286	1	67
67	0	283
283	0	67
67	0	288
288	0	67
67	0	151
151	0	67
67	0	154
154	0	67
67	4	40
40	4	67
67	0	223
223	0	67
67	1	225
225	1	67
67	4	166
166	4	67
66	1	70
70	1	66
66	1	194
194	1	66
66	1	192
192	1	66
66	1	190
190	1	66
66	2	312
312	2	66
66	4	196
196	4	66
66	0	103
103	0	66
66	1	62
62	1	66
66	0	233
233	0	66
66	1	201
201	1	66
66	2	200
200	2	66
66	0	345
345	0	66
240	0	322
322	0	240
240	0	123
123	0	240
72	1	46
46	1	72
72	1	304
304	1	72
71	0	317
317	0	71
71	0	121
121	0	71
71	0	254
254	0	71
71	0	179
179	0	71
71	0	250
250	0	71
71	1	47
47	1	71
71	4	46
46	4	71
71	0	272
272	0	71
71	1	402
402	1	71
71	0	294
294	0	71
71	1	28
28	1	71
71	0	31
31	0	71
71	0	459
459	0	71
71	2	347
347	2	71
71	4	313
313	4	71
71	4	304
304	4	71
71	0	3
3	0	71
71	4	4
4	4	71
71	3	286
286	3	71
71	4	283
283	4	71
71	1	40
40	1	71
71	1	166
166	1	71
70	2	234
234	2	70
70	0	235
235	0	70
70	0	236
236	0	70
70	0	195
195	0	70
70	2	194
194	2	70
70	0	193
193	0	70
70	4	190
190	4	70
70	4	196
196	4	70
70	2	62
62	2	70
70	3	64
64	3	70
70	2	65
65	2	70
70	2	20
20	2	70
70	4	201
201	4	70
70	3	200
200	3	70
70	1	202
202	1	70
70	4	378
378	4	70
70	4	380
380	4	70
70	2	381
381	2	70
70	3	246
246	3	70
70	0	95
95	0	70
70	4	192
192	4	70
70	3	304
304	3	70
70	4	312
312	4	70
70	0	3
3	0	70
70	0	416
416	0	70
70	1	345
345	1	70
70	1	19
19	1	70
70	0	421
421	0	70
70	1	426
426	1	70
70	4	103
103	4	70
70	3	233
233	3	70
70	0	231
231	0	70
70	1	222
222	1	70
70	0	165
165	0	70
70	2	166
166	2	70
237	1	369
369	1	237
237	0	438
438	0	237
238	0	322
322	0	238
75	1	313
313	1	75
74	0	313
313	0	74
74	0	304
304	0	74
74	0	4
4	0	74
74	0	250
250	0	74
234	0	236
236	0	234
234	0	195
195	0	234
234	2	190
190	2	234
234	2	312
312	2	234
234	0	64
64	0	234
234	4	196
196	4	234
234	0	62
62	0	234
234	1	233
233	1	234
234	1	231
231	1	234
234	1	65
65	1	234
234	0	229
229	0	234
234	0	380
380	0	234
234	0	192
192	0	234
234	2	201
201	2	234
234	1	246
246	1	234
234	3	200
200	3	234
235	0	236
236	0	235
235	0	194
194	0	235
235	0	190
190	0	235
235	0	65
65	0	235
235	0	201
201	0	235
235	0	200
200	0	235
236	0	201
201	0	236
236	0	200
200	0	236
9	0	287
287	0	9
9	0	459
459	0	9
9	0	60
60	0	9
10	0	11
11	0	10
10	1	333
333	1	10
10	4	490
490	4	10
10	2	124
124	2	10
6	0	11
11	0	6
6	0	333
333	0	6
7	4	333
333	4	7
7	0	8
8	0	7
7	0	11
11	0	7
7	0	313
313	0	7
7	1	124
124	1	7
8	0	480
480	0	8
8	4	333
333	4	8
8	2	11
11	2	8
8	0	313
313	0	8
8	2	124
124	2	8
11	0	91
91	0	11
11	0	88
88	0	11
11	0	260
260	0	11
11	1	86
86	1	11
11	0	313
313	0	11
11	0	358
358	0	11
11	1	357
357	1	11
11	0	90
90	0	11
11	1	420
420	1	11
11	4	85
85	4	11
11	1	422
422	1	11
11	1	456
456	1	11
12	1	333
333	1	12
12	2	384
384	2	12
12	1	443
443	1	12
12	0	304
304	0	12
73	0	166
166	0	73
195	0	386
386	0	195
195	0	192
192	0	195
195	0	190
190	0	195
195	1	201
201	1	195
195	0	200
200	0	195
194	0	19
19	0	194
194	3	192
192	3	194
194	1	190
190	1	194
194	1	312
312	1	194
194	0	202
202	0	194
194	0	196
196	0	194
194	0	62
62	0	194
194	3	201
201	3	194
194	1	200
200	1	194
194	2	246
246	2	194
193	1	312
312	1	193
193	0	201
201	0	193
192	1	19
19	1	192
192	0	345
345	0	192
192	4	190
190	4	192
192	4	312
312	4	192
192	4	196
196	4	192
192	1	103
103	1	192
192	1	374
374	1	192
192	3	62
62	3	192
192	1	64
64	1	192
192	0	65
65	0	192
192	4	201
201	4	192
192	1	200
200	1	192
192	0	175
175	0	192
192	1	246
246	1	192
191	1	372
372	1	191
191	1	43
43	1	191
191	3	42
42	3	191
191	0	38
38	0	191
190	0	19
19	0	190
190	4	312
312	4	190
190	0	202
202	0	190
190	4	196
196	4	190
190	1	103
103	1	190
190	0	360
360	0	190
190	1	62
62	1	190
190	2	233
233	2	190
190	2	64
64	2	190
190	2	65
65	2	190
190	0	229
229	0	190
190	0	380
380	0	190
190	4	201
201	4	190
190	4	200
200	4	190
190	0	345
345	0	190
190	4	246
246	4	190
443	1	333
333	1	443
443	0	446
446	0	443
443	0	445
445	0	443
443	1	444
444	1	443
443	0	322
322	0	443
443	0	122
122	0	443
443	0	121
121	0	443
443	0	250
250	0	443
443	1	436
436	1	443
443	0	402
402	0	443
443	3	315
315	3	443
443	1	304
304	1	443
443	0	285
285	0	443
443	1	287
287	1	443
443	0	40
40	0	443
443	0	224
224	0	443
442	0	211
211	0	442
197	0	459
459	0	197
197	1	371
371	1	197
197	0	121
121	0	197
197	4	38
38	4	197
197	1	40
40	1	197
196	0	336
336	0	196
196	0	152
152	0	196
196	0	188
188	0	196
196	1	386
386	1	196
196	4	19
19	4	196
196	1	421
421	1	196
196	3	345
345	3	196
196	1	232
232	1	196
196	4	312
312	4	196
196	3	64
64	3	196
196	4	103
103	4	196
196	0	374
374	0	196
196	2	380
380	2	196
196	2	62
62	2	196
196	4	233
233	4	196
196	0	230
230	0	196
196	4	231
231	4	196
196	4	65
65	4	196
196	1	378
378	1	196
196	1	381
381	1	196
196	0	416
416	0	196
196	4	201
201	4	196
196	4	200
200	4	196
196	4	246
246	4	196
180	0	23
23	0	180
179	1	251
251	1	179
113	0	108
108	0	113
175	1	106
106	1	175
175	0	107
107	0	175
175	1	368
368	1	175
175	0	428
428	0	175
175	0	320
320	0	175
175	0	23
23	0	175
175	0	174
174	0	175
175	1	177
177	1	175
174	0	368
368	0	174
174	0	23
23	0	174
174	1	177
177	1	174
174	1	176
176	1	174
177	1	106
106	1	177
177	4	368
368	4	177
177	0	148
148	0	177
177	1	173
173	1	177
177	2	378
378	2	177
177	4	381
381	4	177
177	0	178
178	0	177
176	0	105
105	0	176
176	0	173
173	0	176
178	1	368
368	1	178
178	0	105
105	0	178
337	0	147
147	0	337
338	3	461
461	3	338
338	0	459
459	0	338
338	1	287
287	1	338
338	4	322
322	4	338
338	0	123
123	0	338
335	0	287
287	0	335
336	0	121
121	0	336
336	0	182
182	0	336
336	0	380
380	0	336
336	2	298
298	2	336
336	1	297
297	1	336
336	0	296
296	0	336
336	0	459
459	0	336
336	1	304
304	1	336
336	1	345
345	1	336
334	0	99
99	0	334
187	4	99
99	4	187
187	4	440
440	4	187
186	0	41
41	0	186
186	0	36
36	0	186
189	1	372
372	1	189
189	1	43
43	1	189
189	1	42
42	1	189
189	0	38
38	0	189
188	0	201
201	0	188
47	0	322
322	0	47
47	1	122
122	1	47
47	2	121
121	2	47
47	0	253
253	0	47
47	3	250
250	3	47
47	0	48
48	0	47
47	1	46
46	1	47
47	0	378
378	0	47
47	0	381
381	0	47
47	0	403
403	0	47
47	4	402
402	4	47
47	0	255
255	0	47
47	0	294
294	0	47
47	0	28
28	0	47
47	1	35
35	1	47
47	0	94
94	0	47
47	1	459
459	1	47
47	0	100
100	0	47
47	3	304
304	3	47
47	1	285
285	1	47
47	0	284
284	0	47
47	2	287
287	2	47
47	0	154
154	0	47
47	0	40
40	0	47
47	2	166
166	2	47
48	0	328
328	0	48
48	0	100
100	0	48
48	0	372
372	0	48
48	0	304
304	0	48
48	0	380
380	0	48
46	0	121
121	0	46
46	2	254
254	2	46
46	2	253
253	2	46
46	1	256
256	1	46
46	1	255
255	1	46
46	4	250
250	4	46
46	0	381
381	0	46
46	2	402
402	2	46
46	0	459
459	0	46
46	0	313
313	0	46
46	4	304
304	4	46
46	0	4
4	0	46
46	3	285
285	3	46
46	2	287
287	2	46
46	0	40
40	0	46
46	0	166
166	0	46
440	4	329
329	4	440
440	3	243
243	3	440
440	0	242
242	0	440
440	4	304
304	4	440
440	0	3
3	0	440
440	0	402
402	0	440
385	1	218
218	1	385
384	0	475
475	0	384
5	0	263
263	0	5
5	1	3
3	1	5
276	0	136
136	0	276
276	2	273
273	2	276
276	4	304
304	4	276
276	2	277
277	2	276
276	0	402
402	0	276
275	3	273
273	3	275
275	0	121
121	0	275
273	1	136
136	1	273
273	2	304
304	2	273
273	0	277
277	0	273
273	0	122
122	0	273
273	0	419
419	0	273
273	0	250
250	0	273
272	0	4
4	0	272
489	1	330
330	1	489
489	1	421
421	1	489
277	0	304
304	0	277
277	0	136
136	0	277
116	0	328
328	0	116
248	0	368
368	0	248
248	4	218
218	4	248
248	3	219
219	3	248
247	0	219
219	0	247
244	4	218
218	4	244
245	0	147
147	0	245
245	1	333
333	1	245
245	0	315
315	0	245
245	4	219
219	4	245
245	0	304
304	0	245
245	4	218
218	4	245
245	0	344
344	0	245
470	2	239
239	2	470
470	0	258
258	0	470
470	0	257
257	0	470
470	0	260
260	0	470
470	0	25
25	0	470
470	1	278
278	1	470
470	0	406
406	0	470
470	0	404
404	0	470
470	1	271
271	1	470
470	0	313
313	0	470
470	2	243
243	2	470
470	1	88
88	1	470
470	0	282
282	0	470
470	4	85
85	4	470
470	1	86
86	1	470
470	1	424
424	1	470
470	0	423
423	0	470
470	1	422
422	1	470
470	2	456
456	2	470
246	2	19
19	2	246
246	1	312
312	1	246
246	1	103
103	1	246
246	0	62
62	0	246
246	1	233
233	1	246
246	1	64
64	1	246
246	1	65
65	1	246
246	1	201
201	1	246
246	2	200
200	2	246
295	3	372
372	3	295
295	1	43
43	1	295
295	1	42
42	1	295
295	0	38
38	0	295
213	4	369
369	4	213
213	4	363
363	4	213
213	2	367
367	2	213
213	2	364
364	2	213
213	2	365
365	2	213
213	0	96
96	0	213
213	0	396
396	0	213
213	1	398
398	1	213
213	4	311
311	4	213
213	0	427
427	0	213
213	2	220
220	2	213
213	2	360
360	2	213
213	1	366
366	1	213
213	3	217
217	3	213
213	0	430
430	0	213
213	1	380
380	1	213
213	2	23
23	2	213
213	1	22
22	1	213
213	0	441
441	0	213
213	0	221
221	0	213
213	4	438
438	4	213
294	0	298
298	0	294
294	0	121
121	0	294
294	0	22
22	0	294
294	0	250
250	0	294
294	1	181
181	1	294
294	1	381
381	1	294
294	0	402
402	0	294
294	1	459
459	1	294
294	0	313
313	0	294
294	0	378
378	0	294
294	1	304
304	1	294
294	0	287
287	0	294
294	0	372
372	0	294
294	0	429
429	0	294
294	2	40
40	2	294
294	1	166
166	1	294
298	0	121
121	0	298
298	0	0
0	0	298
298	0	168
168	0	298
298	4	182
182	4	298
298	0	402
402	0	298
298	3	297
297	3	298
298	0	32
32	0	298
298	0	459
459	0	298
298	0	101
101	0	298
298	4	304
304	4	298
298	0	285
285	0	298
298	0	287
287	0	298
298	0	103
103	0	298
298	0	40
40	0	298
298	0	166
166	0	298
297	1	304
304	1	297
297	0	182
182	0	297
296	2	495
495	2	296
296	0	250
250	0	296
296	2	0
0	2	296
296	0	182
182	0	296
296	0	459
459	0	296
296	0	304
304	0	296
296	0	402
402	0	296
296	1	287
287	1	296
296	0	103
103	0	296
296	0	40
40	0	296
296	0	166
166	0	296
300	0	121
121	0	300
300	0	299
299	0	300
300	0	459
459	0	300
300	0	301
301	0	300
300	4	302
302	4	300
300	0	304
304	0	300
300	0	166
166	0	300
299	2	302
302	2	299
212	1	429
429	1	212
212	0	181
181	0	212
96	1	369
369	1	96
96	1	95
95	1	96
96	4	427
427	4	96
96	0	402
402	0	96
95	4	427
427	4	95
95	0	24
24	0	95
94	2	322
322	2	94
94	0	250
250	0	94
94	0	381
381	0	94
94	0	83
83	0	94
94	0	459
459	0	94
94	0	349
349	0	94
94	1	304
304	1	94
94	0	402
402	0	94
94	0	287
287	0	94
94	0	40
40	0	94
94	0	166
166	0	94
93	0	438
438	0	93
92	0	3
3	0	92
459	0	317
317	0	459
459	2	328
328	2	459
459	0	322
322	0	459
459	3	122
122	3	459
459	4	121
121	4	459
459	4	123
123	4	459
459	2	254
254	2	459
459	1	253
253	1	459
459	0	251
251	0	459
459	0	198
198	0	459
459	0	255
255	0	459
459	0	397
397	0	459
459	1	0
0	1	459
459	0	169
169	0	459
459	0	170
170	0	459
459	4	167
167	4	459
459	1	168
168	1	459
459	2	145
145	2	459
459	0	378
378	0	459
459	3	381
381	3	459
459	4	402
402	4	459
459	2	250
250	2	459
459	4	28
28	4	459
459	3	120
120	3	459
459	1	31
31	1	459
459	0	117
117	0	459
459	1	118
118	1	459
459	0	119
119	0	459
459	0	315
315	0	459
459	1	458
458	1	459
459	3	460
460	3	459
459	0	100
100	0	459
459	3	313
313	3	459
459	0	349
349	0	459
459	4	304
304	4	459
459	0	216
216	0	459
459	1	3
3	1	459
459	0	4
4	0	459
459	1	285
285	1	459
459	1	284
284	1	459
459	2	287
287	2	459
459	1	286
286	1	459
459	0	219
219	0	459
459	0	153
153	0	459
459	0	154
154	0	459
459	2	372
372	2	459
459	0	42
42	0	459
459	4	40
40	4	459
459	0	38
38	0	459
459	1	223
223	1	459
459	0	224
224	0	459
459	1	225
225	1	459
459	1	166
166	1	459
458	1	287
287	1	458
458	2	322
322	2	458
458	1	121
121	1	458
458	0	123
123	0	458
458	0	40
40	0	458
316	0	381
381	0	316
460	0	122
122	0	460
460	2	121
121	2	460
460	0	253
253	0	460
460	1	167
167	1	460
460	1	402
402	1	460
460	0	120
120	0	460
460	0	31
31	0	460
460	0	118
118	0	460
460	0	313
313	0	460
460	1	304
304	1	460
97	1	23
23	1	97
314	0	304
304	0	314
100	0	304
304	0	100
100	0	381
381	0	100
313	4	333
333	4	313
313	4	121
121	4	313
313	0	124
124	0	313
313	0	123
123	0	313
313	0	252
252	0	313
313	0	250
250	0	313
313	0	381
381	0	313
313	1	402
402	1	313
313	0	28
28	0	313
313	1	85
85	1	313
313	0	315
315	0	313
313	2	304
304	2	313
313	1	88
88	1	313
313	4	4
4	4	313
313	1	286
286	1	313
313	0	283
283	0	313
313	0	154
154	0	313
313	1	40
40	1	313
313	0	166
166	0	313
311	1	369
369	1	311
311	0	362
362	0	311
311	3	363
363	3	311
311	0	364
364	0	311
311	3	365
365	3	311
311	2	366
366	2	311
311	0	220
220	0	311
311	3	360
360	3	311
311	0	217
217	0	311
311	1	22
22	1	311
311	2	441
441	2	311
311	4	438
438	4	311
99	2	330
330	2	99
99	2	332
332	2	99
99	2	416
416	2	99
99	0	26
26	0	99
99	1	30
30	1	99
101	1	23
23	1	101
312	0	230
230	0	312
312	1	202
202	1	312
312	4	103
103	4	312
312	0	231
231	0	312
312	4	62
62	4	312
312	1	233
233	1	312
312	4	64
64	4	312
312	2	65
65	2	312
312	0	229
229	0	312
312	0	380
380	0	312
312	4	201
201	4	312
312	1	222
222	1	312
312	0	310
310	0	312
312	4	200
200	4	312
312	1	345
345	1	312
312	0	166
166	0	312
420	4	333
333	4	420
420	1	124
124	1	420
3	3	262
262	3	3
3	3	263
263	3	3
3	1	322
322	1	3
3	1	23
23	1	3
3	0	29
29	0	3
3	0	31
31	0	3
3	2	304
304	2	3
3	0	218
218	0	3
3	0	285
285	0	3
3	2	287
287	2	3
3	0	283
283	0	3
3	1	40
40	1	3
3	1	166
166	1	3
416	0	85
85	0	416
416	0	29
29	0	416
4	0	286
286	0	4
4	2	283
283	2	4
4	1	304
304	1	4
417	0	287
287	0	417
418	0	225
225	0	418
315	2	333
333	2	315
315	1	61
61	1	315
315	0	121
121	0	315
315	2	124
124	2	315
315	0	123
123	0	315
315	0	218
218	0	315
315	0	287
287	0	315
315	0	40
40	0	315
315	0	166
166	0	315
425	0	165
165	0	425
269	0	333
333	0	269
151	0	285
285	0	151
151	2	150
150	2	151
151	0	149
149	0	151
151	1	304
304	1	151
151	3	402
402	3	151
151	0	166
166	0	151
153	0	304
304	0	153
153	0	40
40	0	153
153	0	166
166	0	153
154	0	122
122	0	154
154	2	121
121	2	154
154	0	123
123	0	154
154	1	0
0	1	154
154	0	167
167	0	154
154	0	381
381	0	154
154	0	402
402	0	154
154	1	118
118	1	154
154	2	304
304	2	154
154	2	285
285	2	154
154	0	287
287	0	154
154	0	40
40	0	154
154	0	225
225	0	154
154	1	166
166	1	154
155	0	304
304	0	155
372	4	328
328	4	372
372	0	122
122	0	372
372	0	121
121	0	372
372	0	399
399	0	372
372	4	184
184	4	372
372	0	185
185	0	372
372	1	183
183	1	372
372	1	215
215	1	372
372	2	216
216	2	372
372	0	285
285	0	372
372	1	287
287	1	372
372	3	104
104	3	372
372	4	43
43	4	372
372	4	42
42	4	372
372	4	38
38	4	372
372	1	166
166	1	372
103	0	121
121	0	103
103	0	62
62	0	103
103	0	64
64	0	103
103	1	65
65	1	103
103	1	201
201	1	103
103	0	200
200	0	103
103	0	0
0	0	103
103	0	380
380	0	103
103	0	120
120	0	103
103	0	304
304	0	103
103	0	166
166	0	103
370	0	305
305	0	370
371	3	121
121	3	371
371	1	147
147	1	371
371	0	399
399	0	371
371	1	184
184	1	371
371	0	35
35	0	371
371	4	225
225	4	371
104	2	43
43	2	104
104	4	42
42	4	104
104	4	38
38	4	104
374	0	321
321	0	374
374	0	201
201	0	374
43	3	38
38	3	43
43	0	45
45	0	43
43	4	328
328	4	43
43	0	167
167	0	43
43	4	42
42	4	43
43	2	184
184	2	43
43	0	225
225	0	43
42	4	328
328	4	42
42	0	121
121	0	42
42	1	199
199	1	42
42	0	167
167	0	42
42	0	168
168	0	42
42	3	183
183	3	42
42	4	184
184	4	42
42	0	185
185	0	42
42	0	381
381	0	42
42	0	402
402	0	42
42	1	304
304	1	42
42	0	285
285	0	42
42	0	287
287	0	42
42	0	282
282	0	42
42	1	429
429	1	42
42	4	38
38	4	42
42	3	225
225	3	42
42	0	166
166	0	42
40	0	328
328	0	40
40	0	333
333	0	40
40	1	322
322	1	40
40	0	122
122	0	40
40	2	121
121	2	40
40	0	123
123	0	40
40	0	23
23	0	40
40	0	22
22	0	40
40	1	254
254	1	40
40	2	250
250	2	40
40	0	255
255	0	40
40	0	147
147	0	40
40	0	397
397	0	40
40	1	198
198	1	40
40	1	145
145	1	40
40	0	181
181	0	40
40	1	378
378	1	40
40	0	380
380	0	40
40	2	381
381	2	40
40	4	402
402	4	40
40	4	28
28	4	40
40	2	31
31	2	40
40	0	33
33	0	40
40	2	35
35	2	40
40	3	36
36	3	40
40	4	304
304	4	40
40	0	305
305	0	40
40	0	218
218	0	40
40	0	284
284	0	40
40	3	287
287	3	40
40	0	286
286	0	40
40	0	168
168	0	40
40	2	421
421	2	40
40	0	80
80	0	40
40	0	429
429	0	40
40	0	39
39	0	40
40	1	225
225	1	40
40	4	166
166	4	40
39	0	33
33	0	39
39	0	37
37	0	39
38	4	328
328	4	38
38	0	45
45	0	38
38	1	167
167	1	38
38	0	199
199	0	38
38	4	184
184	4	38
38	0	381
381	0	38
38	0	183
183	0	38
38	0	304
304	0	38
38	0	282
282	0	38
38	1	80
80	1	38
38	0	225
225	0	38
37	1	219
219	1	37
37	0	225
225	0	37
44	0	397
397	0	44
44	0	23
23	0	44
491	0	85
85	0	491
492	1	85
85	1	492
494	0	85
85	0	494
319	1	121
121	1	319
319	0	166
166	0	319
318	0	121
121	0	318
495	1	287
287	1	495
495	0	30
30	0	495
495	3	239
239	3	495
495	0	331
331	0	495
495	2	0
0	2	495
495	1	304
304	1	495
495	4	305
305	4	495
317	0	286
286	0	317
317	0	28
28	0	317
317	0	167
167	0	317
317	0	402
402	0	317
329	0	150
150	0	329
329	1	402
402	1	329
328	0	122
122	0	328
328	2	121
121	2	328
328	0	250
250	0	328
328	1	0
0	1	328
328	0	168
168	0	328
328	1	183
183	1	328
328	0	381
381	0	328
328	0	376
376	0	328
328	0	118
118	0	328
328	2	304
304	2	328
328	1	285
285	1	328
328	0	287
287	0	328
328	0	282
282	0	328
328	1	166
166	1	328
333	2	258
258	2	333
333	0	259
259	0	333
333	4	260
260	4	333
333	2	358
358	2	333
333	0	121
121	0	333
333	0	253
253	0	333
333	4	142
142	4	333
333	0	402
402	0	333
333	0	271
271	0	333
333	0	270
270	0	333
333	0	268
268	0	333
333	0	357
357	0	333
333	1	304
304	1	333
333	1	90
90	1	333
333	3	91
91	3	333
333	0	87
87	0	333
333	2	88
88	2	333
333	0	473
473	0	333
333	1	287
287	1	333
333	0	282
282	0	333
333	4	85
85	4	333
333	4	86
86	4	333
333	0	424
424	0	333
333	1	423
423	1	333
333	1	456
456	1	333
333	0	166
166	0	333
261	0	490
490	0	261
261	0	485
485	0	261
260	0	473
473	0	260
467	2	463
463	2	467
468	0	112
112	0	468
468	0	110
110	0	468
468	0	109
109	0	468
468	2	108
108	2	468
62	0	19
19	0	62
62	0	231
231	0	62
62	1	201
201	1	62
62	0	200
200	0	62
64	1	19
19	1	64
64	0	65
65	0	64
64	1	201
201	1	64
64	0	345
345	0	64
64	1	200
200	1	64
65	0	233
233	0	65
65	0	231
231	0	65
65	3	201
201	3	65
65	0	200
200	0	65
201	1	19
19	1	201
201	1	202
202	1	201
201	0	231
231	0	201
201	0	233
233	0	201
201	0	229
229	0	201
201	0	380
380	0	201
201	0	20
20	0	201
201	4	200
200	4	201
201	0	345
345	0	201
441	0	369
369	0	441
441	1	362
362	1	441
441	4	363
363	4	441
441	4	366
366	4	441
441	4	365
365	4	441
441	3	360
360	3	441
441	0	22
22	0	441
198	0	121
121	0	198
198	0	199
199	0	198
200	1	19
19	1	200
200	0	231
231	0	200
200	1	233
233	1	200
438	0	286
286	0	438
438	1	362
362	1	438
438	4	363
363	4	438
438	1	367
367	1	438
438	4	365
365	4	438
438	1	369
369	1	438
438	0	398
398	0	438
438	1	400
400	1	438
438	0	220
220	0	438
438	4	360
360	4	438
438	3	366
366	3	438
438	2	217
217	2	438
438	2	22
22	2	438
439	0	369
369	0	439
439	0	365
365	0	439
150	2	149
149	2	150
150	0	447
447	0	150
150	1	402
402	1	150
146	2	344
344	2	146
149	0	402
402	0	149
147	0	304
304	0	147
147	0	218
218	0	147
239	0	0
0	0	239
397	0	287
287	0	397
397	0	304
304	0	397
397	0	219
219	0	397
397	0	166
166	0	397
399	0	282
282	0	399
399	1	322
322	1	399
399	0	381
381	0	399
399	0	376
376	0	399
399	0	382
382	0	399
399	3	23
23	3	399
0	4	1
1	4	0
0	0	122
122	0	0
0	1	121
121	1	0
0	0	169
169	0	0
0	0	250
250	0	0
0	0	381
381	0	0
0	0	402
402	0	0
0	0	29
29	0	0
0	0	118
118	0	0
0	2	304
304	2	0
0	1	285
285	1	0
0	0	287
287	0	0
0	1	2
2	1	0
0	2	223
223	2	0
0	0	387
387	0	0
0	1	166
166	1	0
172	1	287
287	1	172
172	0	304
304	0	172
171	0	304
304	0	171
169	0	118
118	0	169
169	0	168
168	0	169
169	0	122
122	0	169
169	3	121
121	3	169
167	1	122
122	1	167
167	3	121
121	3	167
167	1	123
123	1	167
167	0	254
254	0	167
167	0	253
253	0	167
167	0	168
168	0	167
167	0	402
402	0	167
167	0	120
120	0	167
167	0	118
118	0	167
167	0	304
304	0	167
167	0	284
284	0	167
167	1	166
166	1	167
168	0	121
121	0	168
168	1	381
381	1	168
168	1	402
402	1	168
168	1	304
304	1	168
168	0	18
18	0	168
168	1	166
166	1	168
181	3	429
429	3	181
181	0	378
378	0	181
181	0	381
381	0	181
182	0	304
304	0	182
184	0	287
287	0	184
184	0	304
304	0	184
184	0	218
218	0	184
184	0	376
376	0	184
185	0	23
23	0	185
378	0	368
368	0	378
378	1	121
121	1	378
378	0	250
250	0	378
378	1	304
304	1	378
378	1	402
402	1	378
378	0	285
285	0	378
378	0	287
287	0	378
378	1	429
429	1	378
378	0	165
165	0	378
378	0	166
166	0	378
380	1	322
322	1	380
380	1	121
121	1	380
380	4	23
23	4	380
380	1	402
402	1	380
380	2	304
304	2	380
380	0	285
285	0	380
380	1	287
287	1	380
380	0	303
303	0	380
380	1	166
166	1	380
381	4	368
368	4	381
381	0	322
322	0	381
381	0	122
122	0	381
381	1	121
121	1	381
381	0	254
254	0	381
381	1	250
250	1	381
381	4	402
402	4	381
381	0	383
383	0	381
381	0	28
28	0	381
381	0	35
35	0	381
381	3	304
304	3	381
381	0	214
214	0	381
381	0	216
216	0	381
381	1	285
285	1	381
381	3	287
287	3	381
381	0	286
286	0	381
381	2	166
166	2	381
375	0	304
304	0	375
375	0	122
122	0	375
376	0	382
382	0	376
377	0	28
28	0	377
377	0	304
304	0	377
382	0	304
304	0	382
382	0	216
216	0	382
383	0	287
287	0	383
383	0	283
283	0	383
383	0	216
216	0	383
383	0	166
166	0	383
415	0	29
29	0	415
415	0	30
30	0	415
271	0	480
480	0	271
271	0	13
13	0	271
287	4	322
322	4	287
287	0	122
122	0	287
287	2	121
121	2	287
287	1	123
123	1	287
287	0	23
23	0	287
287	0	22
22	0	287
287	4	250
250	4	287
287	0	255
255	0	287
287	0	466
466	0	287
287	0	465
465	0	287
287	0	145
145	0	287
287	2	402
402	2	287
287	1	28
28	1	287
287	0	120
120	0	287
287	0	31
31	0	287
287	0	35
35	0	287
287	1	85
85	1	287
287	1	348
348	1	287
287	4	304
304	4	287
287	1	215
215	1	287
287	1	216
216	1	287
287	2	285
285	2	287
287	1	284
284	1	287
287	1	286
286	1	287
287	1	283
283	1	287
287	0	288
288	0	287
287	2	166
166	2	287
287	0	165
165	0	287
287	0	225
225	0	287
28	1	121
121	1	28
28	0	145
145	0	28
28	2	402
402	2	28
28	4	304
304	4	28
28	0	285
285	0	28
28	0	286
286	0	28
28	4	166
166	4	28
29	0	27
27	0	29
29	1	304
304	1	29
31	1	121
121	1	31
31	1	250
250	1	31
31	0	145
145	0	31
31	0	402
402	0	31
31	2	304
304	2	31
31	3	166
166	3	31
33	1	35
35	1	33
33	2	36
36	2	33
33	0	22
22	0	33
34	0	35
35	0	34
34	0	36
36	0	34
35	1	23
23	1	35
35	0	250
250	0	35
35	1	402
402	1	35
35	2	36
36	2	35
35	1	304
304	1	35
35	0	285
285	0	35
36	0	304
304	0	36
36	4	23
23	4	36
36	0	22
22	0	36
118	0	322
322	0	118
118	3	122
122	3	118
118	4	121
121	4	118
118	1	123
123	1	118
118	0	402
402	0	118
118	0	250
250	0	118
118	3	120
120	3	118
118	0	304
304	0	118
118	2	285
285	2	118
118	0	225
225	0	118
118	3	166
166	3	118
119	1	123
123	1	119
85	0	483
483	0	85
85	0	484
484	0	85
85	0	480
480	0	85
349	1	322
322	1	349
349	0	304
304	0	349
349	0	346
346	0	349
348	0	83
83	0	348
348	2	322
322	2	348
348	1	304
304	1	348
241	0	166
166	0	241
301	1	302
302	1	301
301	0	304
304	0	301
301	0	218
218	0	301
302	0	121
121	0	302
302	0	23
23	0	302
302	0	304
304	0	302
303	0	23
23	0	303
303	0	125
125	0	303
220	0	369
369	0	220
219	1	429
429	1	219
219	0	225
225	0	219
304	1	120
120	1	304
304	1	283
283	1	304
304	3	350
350	3	304
304	3	305
305	3	304
304	0	214
214	0	304
304	0	421
421	0	304
304	0	387
387	0	304
304	0	165
165	0	304
304	4	166
166	4	304
304	0	136
136	0	304
304	3	322
322	3	304
304	2	122
122	2	304
304	4	121
121	4	304
304	2	123
123	2	304
304	0	127
127	0	304
304	0	27
27	0	304
304	0	24
24	0	304
304	2	20
20	2	304
304	0	23
23	0	304
304	0	22
22	0	304
304	2	254
254	2	304
304	4	253
253	4	304
304	4	250
250	4	304
304	1	256
256	1	304
304	2	255
255	2	304
304	4	145
145	4	304
304	0	403
403	0	304
304	4	402
402	4	304
304	4	285
285	4	304
304	4	284
284	4	304
304	2	286
286	2	304
304	0	84
84	0	304
304	1	288
288	1	304
304	1	223
223	1	304
304	0	226
226	0	304
304	0	225
225	0	304
218	0	344
344	0	218
218	0	284
284	0	218
215	1	282
282	1	215
215	0	288
288	0	215
215	0	23
23	0	215
214	0	282
282	0	214
217	2	369
369	2	217
217	1	363
363	1	217
217	0	366
366	0	217
217	0	364
364	0	217
217	0	365
365	0	217
217	2	360
360	2	217
216	1	282
282	1	216
430	0	363
363	0	430
91	0	490
490	0	91
91	1	124
124	1	91
87	0	88
88	0	87
88	0	484
484	0	88
457	0	278
278	0	457
457	1	228
228	1	457
13	0	480
480	0	13
13	0	424
424	0	13
486	0	395
395	0	486
424	1	480
480	1	424
424	0	473
473	0	424
423	0	480
480	0	423
421	3	345
345	3	421
427	1	18
18	1	427
427	1	402
402	1	427
427	1	24
24	1	427
427	0	23
23	0	427
427	0	22
22	0	427
428	0	320
320	0	428
429	0	402
402	0	429
429	0	225
225	0	429
387	0	285
285	0	387
387	0	250
250	0	387
165	0	250
250	0	165
165	2	402
402	2	165
165	0	284
284	0	165
165	0	166
166	0	165
166	4	122
122	4	166
166	4	121
121	4	166
166	2	123
123	2	166
166	0	27
27	0	166
166	0	254
254	0	166
166	1	253
253	1	166
166	4	250
250	4	166
166	0	255
255	0	166
166	0	145
145	0	166
166	4	402
402	4	166
166	4	120
120	4	166
166	1	285
285	1	166
166	0	286
286	0	166
166	1	223
223	1	166
166	1	225
225	1	166
106	0	107
107	0	106
106	1	368
368	1	106
106	1	135
135	1	106
107	0	368
368	0	107
107	1	135
135	1	107
107	1	320
320	1	107
368	0	135
135	0	368
368	0	23
23	0	368
369	0	362
362	0	369
369	2	363
363	2	369
369	0	364
364	0	369
369	2	365
365	2	369
369	0	360
360	0	369
362	0	363
363	0	362
362	0	364
364	0	362
362	1	365
365	1	362
362	0	360
360	0	362
363	3	366
366	3	363
363	0	367
367	0	363
363	1	364
364	1	363
363	4	365
365	4	363
363	3	360
360	3	363
363	0	22
22	0	363
366	1	364
364	1	366
366	0	365
365	0	366
366	2	360
360	2	366
366	0	22
22	0	366
367	0	360
360	0	367
364	0	365
365	0	364
364	0	360
360	0	364
365	1	360
360	1	365
365	0	22
22	0	365
322	4	123
123	4	322
322	0	22
22	0	322
322	1	250
250	1	322
322	0	283
283	0	322
322	0	284
284	0	322
322	0	243
243	0	322
322	1	402
402	1	322
322	2	285
285	2	322
322	2	83
83	2	322
322	0	286
286	0	322
322	0	227
227	0	322
482	0	123
123	0	482
122	0	121
121	0	122
122	0	253
253	0	122
122	1	252
252	1	122
122	2	250
250	2	122
122	1	120
120	1	122
122	3	402
402	3	122
122	1	285
285	1	122
122	1	223
223	1	122
121	4	123
123	4	121
121	1	253
253	1	121
121	3	252
252	3	121
121	0	256
256	0	121
121	1	255
255	1	121
121	0	254
254	0	121
121	4	250
250	4	121
121	4	402
402	4	121
121	3	120
120	3	121
121	0	357
357	0	121
121	2	285
285	2	121
121	2	223
223	2	121
121	1	225
225	1	121
124	0	358
358	0	124
123	1	250
250	1	123
123	1	465
465	1	123
123	2	402
402	2	123
123	1	120
120	1	123
123	1	285
285	1	123
123	1	227
227	1	123
123	0	225
225	0	123
24	0	405
405	0	24
24	2	402
402	2	24
24	1	250
250	1	24
21	0	250
250	0	21
21	0	255
255	0	21
120	2	285
285	2	120
120	0	402
402	0	120
23	4	256
256	4	23
23	1	250
250	1	23
22	1	360
360	1	22
22	0	286
286	0	22
254	1	253
253	1	254
254	1	250
250	1	254
254	0	255
255	0	254
254	4	402
402	4	254
254	0	285
285	0	254
254	0	284
284	0	254
253	1	250
250	1	253
253	4	402
402	4	253
253	3	284
284	3	253
252	0	402
402	0	252
250	1	256
256	1	250
250	2	255
255	2	250
250	4	402
402	4	250
250	4	285
285	4	250
250	0	284
284	0	250
250	0	286
286	0	250
250	0	84
84	0	250
250	0	223
223	0	250
250	0	225
225	0	250
256	0	402
402	0	256
256	0	255
255	0	256
255	2	402
402	2	255
462	0	464
464	0	462
465	0	285
285	0	465
465	0	463
463	0	465
143	0	359
359	0	143
143	0	288
288	0	143
144	0	359
359	0	144
145	0	402
402	0	145
145	1	284
284	1	145
402	2	285
285	2	402
402	1	284
284	1	402
402	0	286
286	0	402
402	0	223
223	0	402
402	0	225
225	0	402
112	1	108
108	1	112
111	0	108
108	0	111
110	0	108
108	0	110
108	0	282
282	0	108
473	0	278
278	0	473
473	0	456
456	0	473
474	4	243
243	4	474
345	0	233
233	0	345
343	0	228
228	0	343
285	1	284
284	1	285
285	0	283
283	0	285
285	1	223
223	1	285
285	0	225
225	0	285
286	2	283
283	2	286
286	0	225
225	0	286
456	1	228
228	1	456
232	0	231
231	0	232
228	3	278
278	3	228
